4098
12212
12213
12130
12214
12215
12216
6111
12217
11810
6112
11811
12195
12131
12218
12219
11812
12220
11813
12221
11814
12222
11815
12344
12223
11816
12347
12132
12348
12349
11817
12224
12350
11818
12225
11819
12114
12226
11820
12227
11821
12228
12133
12375
11822
12229
12376
12377
12378
11823
12230
12379
11824
12231
7819
11825
12208
12232
11826
12233
12134
11827
11890
12234
11828
10200
12235
11829
10201
7820
12236
11830
12147
12237
11831
12238
12135
11832
11891
12239
11833
12240
11834
11903
7821
12241
11835
12242
11836
12196
12136
12243
11837
11892
12244
11838
12245
5733
11839
7822
12126
12246
5734
11840
12247
12180
5735
8077
11841
12137
12248
12249
11842
11893
12250
11843
6042
11844
12115
12117
12251
12252
11845
12129
12253
11846
12138
12254
11847
11894
12255
11848
8068
11849
11850
11851
12139
11852
11895
11853
8069
11854
12148
11855
11856
12140
11857
11896
12264
11858
12265
11859
12205
11860
11861
12141
12197
11862
11897
12060
11863
12150
11864
11865
12127
12181
11866
12142
11867
11868
12275
8072
11869
12116
11870
11871
12143
12278
11872
12192
11873
12281
11874
11875
11876
12144
11877
6586
11878
8074
6587
6039
11879
6588
11880
6589
11881
12145
6590
11882
6591
11883
8075
5778
6040
6592
11884
5779
6593
11885
6594
11886
12146
12198
6595
11887
11888
8076
6041
11889
6572
6573
6574
6575
432
433
6576
6577
6578
6579
6580
6581
6582
6583
6584
6585
444
445
446
447
448
449
450
451
452
453
454
455
456
457
458
459
460
461
462
463
464
465
466
467
4561
4562
4564
4567
8078
10706
6043
10707
11898
11899
11904
11900
4578
4579
11901
12149
5796
11902
11905
5797
8079
10735
10736
6044
5798
10737
10739
10741
10742
5799
10743
10745
10747
10748
5800
4607
4608
4609
10749
4611
10751
4613
4614
4615
10753
4617
8080
4619
4620
4621
6045
4623
10759
4625
4626
10763
4628
4629
10689
4631
4632
4633
10690
4635
4636
11911
4638
11912
4640
4641
8081
10692
11906
6046
11907
11913
11914
11915
12152
11916
10695
11917
11908
8082
11918
6047
12118
11919
11920
12153
11921
11922
11909
8083
11923
11924
6048
11925
12154
11926
11927
11910
8084
11928
12199
11929
12151
6049
11930
12155
11931
11932
8085
11933
11934
6050
11935
12200
12156
11936
11937
10908
10909
10910
8086
10911
10912
10913
10914
11938
11939
6051
11940
4780
4781
4782
4783
4784
4785
4786
11941
11942
12157
8087
11943
12119
11944
6052
11945
12158
11946
11947
8088
11948
11949
6053
11950
12159
11951
11952
8089
11953
11954
6054
11955
11956
12160
11957
8090
11958
11959
6055
11960
12201
11961
12161
11962
8091
11963
11964
6056
11965
11966
12162
11967
8092
11968
12120
11969
11970
11971
12163
11972
8093
11973
11974
11975
10754
11976
12164
11977
10756
8094
11978
10757
11979
11980
11981
10760
12165
11982
10761
8095
11983
11984
11985
10764
12202
11986
12166
11987
10766
11988
8096
11989
10768
11990
10769
11991
12167
11992
12194
11993
12121
8097
11994
11995
11996
12168
11997
12193
11998
11999
12000
12001
12169
12002
12003
12004
12005
12006
12170
12007
12008
12009
12010
12203
12011
12171
1041
1042
1043
12012
11287
11288
11289
12013
11291
11292
11294
11295
12014
11297
12128
12015
11300
5159
5160
5161
12016
5163
5164
12017
5166
5167
12172
5169
12018
12122
5172
12019
12020
12021
12173
12022
12023
12024
12025
12026
12174
11358
11359
11360
12027
12028
12029
5230
5231
5232
12030
12031
12175
12032
12033
12034
12204
12035
12036
12176
12037
12038
12039
12040
12041
12177
12042
12123
12043
12044
12045
12046
12178
12047
12048
12049
12050
12051
12179
9434
9435
12052
12053
12054
3306
3307
12055
9457
9458
12056
9460
9461
9462
9463
9464
9465
9466
9467
9468
9469
12057
12058
12059
3329
3330
3332
3333
3334
3335
3336
3337
3338
3339
3340
3341
9480
9481
9486
9487
12061
12062
12063
3352
3353
12064
3358
3359
12065
12182
12066
12067
12124
12068
12069
12070
12183
12071
12072
12073
12210
12074
12075
12184
12076
12077
12078
12079
12080
12185
12081
12082
12083
12084
12206
12085
12186
12086
12087
12088
12089
12090
12187
12091
12092
12125
12093
12094
12095
12188
12096
12097
12098
12099
12100
12189
12101
12102
12103
12104
12105
12190
12106
12107
12108
12109
12207
12110
12191
12111
12112
12113
9768
11796
11797
11798
11799
11800
11801
11802
11803
11804
11805
11806
11807
11808
9761
9762
11809
5668
5669
5670
5671
5672
5673
5674
5675
5676
5677
5678
5679
5680
3633
3634
5681
5682
5683
3638
3639
3640
3641
5684
5685
5686
5687
5688
5689
5690
5691
5692
5693
5694
5695
5696
5697
5698
5699
5700
5701
5702
5703
5704
5705
5706
5707
5708
5709
5710
5711
5712
5713
5714
5715
5716
5717
5718
5719
5720
5721
5722
5723
5724
5725
5726
5727
5728
5729
5730
5731
5732
5736
5737
5738
5739
5740
5741
5742
5743
5744
5745
5746
5747
5748
5749
5750
5751
5752
5753
5754
5755
5756
5757
5758
5759
5760
5761
5762
5763
5764
5765
5766
5767
5768
5769
5770
5771
5772
5773
5774
5775
5776
5780
5781
5777
5782
5783
5784
5785
1691
1692
1693
1694
5786
5787
5788
5789
5790
5791
5792
5793
5794
5795
5801
5802
5803
5804
5805
5806
5807
5808
5809
5810
5811
5812
5813
5814
5815
5816
5817
5818
5819
5820
5821
5822
5823
5824
5825
5826
5827
5828
5829
5830
5831
5832
5833
5834
5835
5836
5837
5838
5839
5840
5841
5842
5843
5844
5845
5846
5847
5848
5849
5850
5851
5852
5853
5854
5855
5856
5857
5858
5859
5860
5861
5862
5863
5864
5865
5866
5867
5868
5869
5870
5871
5872
5873
5874
5875
5876
5877
5878
5879
5880
5881
5882
5883
5884
5885
5886
5887
5888
5889
5890
5891
5892
5893
5894
5895
5896
5897
5898
5899
5900
5901
5902
5903
5904
5905
5906
5907
5908
5909
5910
5911
5912
5913
5914
5915
5916
5917
5918
5919
5920
5921
5922
5923
5924
5925
5926
5927
5928
5929
5930
5931
5932
5933
5934
5935
5936
5937
5938
5939
5940
5941
5942
5943
5944
5945
5946
5947
5948
5949
5950
5951
5952
5953
5954
5955
5956
5957
5958
5959
5960
5961
5962
5963
5964
5965
5966
5967
5968
5969
5970
5971
5972
5973
5974
5975
5976
5977
5978
5979
5980
5981
5982
5983
5984
5985
5986
5987
5988
5989
5990
5991
5992
5993
5994
5995
5996
5997
5998
5999
6000
6001
6002
6003
6004
6005
6006
6007
6008
6009
6010
6011
6012
6013
6014
6015
6016
6017
6018
6019
6020
6021
6022
6023
6024
6025
6026
6027
6028
6029
6030
6031
6032
6033
6034
6035
1940
1941
6036
6037
1944
6038
1946
1947
1948
1949
1950
1951
1952
1953
1954
1955
1956
1957
1958
1959
1960
1961
1962
1963
1964
1965
1966
1967
1968
1969
6057
6058
6059
6060
6061
6062
6063
6064
6065
6066
6067
6068
6069
6070
6071
6072
6073
6074
6075
6076
6077
6078
6079
6080
6081
6082
6083
6084
6085
6086
6087
6088
6089
6090
6091
6092
6093
6094
6095
6096
6097
6098
6099
6100
6101
6102
6103
6104
6105
6106
6107
6108
6109
6110
4072
4073
6113
6114
6115
6116
6117
6118
6119
6120
6121
6122
6123
6124
6125
6126
6127
9766
9767
10226
12209
12211
12277
9769
